1562192155.333516509 0 0 0 0 1 
1562192155.442404072 4.29497e+07 0.29 0.16 2.28 295 
1562192155.548503199 4.29497e+07 0.29 0.17 2.28 295 
1562192155.638152236 4.29497e+07 0.29 0.17 2.28 295 
1562192155.748387640 4.29497e+07 0.29 0.16 2.27 295 
1562192155.877081560 4.29497e+07 0.29 0.17 2.27 295 
1562192156.053490555 4.29497e+07 0.29 0.17 2.27 295 
1562192156.835246934 4.29497e+07 0.29 0.18 2.27 163 
1562192157.588113934 4.29497e+07 0.23 0.02 2.37 375 
1562192158.430320244 4.29497e+07 0.23 0.03 2.35 179 
1562192158.560981788 4.29497e+07 0.23 0.01 2.37 311 
1562192159.433469190 4.29497e+07 0.24 0.03 2.36 179 
1562192159.560060448 4.29497e+07 0.23 0.02 2.37 311 
1562192159.677232240 4.29497e+07 0.23 0.01 2.37 311 
1562192159.876417224 4.29497e+07 0.23 0.02 2.37 311 
1562192160.051511491 4.29497e+07 0.23 0.02 2.37 311 
1562192160.145332482 4.29497e+07 0.23 0.02 2.37 311 
1562192160.252512257 4.29497e+07 0.23 0.01 2.37 311 
1562192160.352541971 4.29497e+07 0.24 0.02 2.37 311 
1562192161.134095856 4.29497e+07 0.24 0.03 2.37 179 
1562192161.260222607 4.29497e+07 0.24 0.01 2.37 311 
1562192162.035164726 4.29497e+07 0.24 0.02 2.36 179 
1562192162.838235760 4.29497e+07 0.23 0.02 2.36 179 
1562192163.637076218 4.29497e+07 0.23 0.03 2.35 179 
1562192163.748264695 4.29497e+07 0.23 0.02 2.36 311 
1562192163.876985425 4.29497e+07 0.23 0.02 2.37 311 
1562192164.734816040 4.29497e+07 0.23 0.02 2.37 179 
1562192165.536503197 4.29497e+07 0.08 4.29497e+07 2.37 179 
1562192165.653092511 4.29497e+07 0.24 4.29497e+07 2.37 311 
1562192165.751552726 4.29497e+07 0.29 4.29497e+07 2.36 311 
1562192165.861467874 4.29497e+07 0.33 4.29497e+07 2.37 311 
1562192166.054280447 4.29497e+07 0.37 4.29497e+07 2.36 311 
1562192166.837517075 4.29497e+07 0.43 4.29497e+07 2.37 179 
1562192167.640522736 4.29497e+07 0.7 4.29497e+07 2.09 179 
1562192167.817972157 4.29497e+07 2.28 4.29497e+07 2.37 311 
1562192168.695385642 4.29497e+07 2.85 0.31 2.87 179 
1562192168.916469036 4.29497e+07 4.29497e+07 0.41 2.37 311 
1562192169.778556285 4.29497e+07 4.29497e+07 0.76 2.74 179 
1562192170.635999107 4.29497e+07 4.29497e+07 1.16 3.5 171 
1562192170.802374551 0.49 4.29497e+07 0.84 2.38 303 
1562192171.689660369 1.08 4.29497e+07 0.64 2.68 171 
1562192171.851385094 2.07 4.29497e+07 4.29497e+07 2.36 303 
1562192172.627958127 2.09 4.29497e+07 4.29497e+07 2.35 163 
1562192172.739632298 0.84 4.29497e+07 0.07 1.53 295 
1562192173.531543159 0.51 4.29497e+07 0.16 1.48 163 
1562192173.644115204 4.29497e+07 4.29497e+07 4.29497e+07 1.7 295 
1562192174.427405453 4.29497e+07 4.29497e+07 4.29497e+07 1.88 163 
1562192174.549418006 4.29497e+07 1.57 4.29497e+07 2.36 311 
1562192175.457413755 4.29497e+07 1.8 4.29497e+07 2.39 163 
1562192176.231197273 0.05 3.2 0.69 3.28 163 
1562192176.348735137 1.07 2.76 0.58 3.02 295 
1562192176.447553083 1.14 2.59 0.57 2.89 295 
1562192176.548435898 1.2 2.41 0.51 2.75 295 
1562192176.645896475 1.25 2.25 0.47 2.62 295 
1562192176.747022583 1.28 2.08 0.39 2.47 295 
1562192176.863575325 1.32 1.9 0.29 2.34 303 
1562192177.732499074 1.4 1.72 0.15 2.23 171 
1562192178.540039515 1.27 1.75 4.29497e+07 2.19 171 
1562192179.332549891 0.27 1.56 4.29497e+07 1.65 171 
1562192179.459914020 4.29497e+07 0.2 4.29497e+07 0.93 303 
1562192180.231400304 4.29497e+07 4.29497e+07 4.29497e+07 0.96 171 
1562192180.358828923 4.29497e+07 4.29497e+07 0.28 2.36 311 
1562192181.163285217 4.29497e+07 4.29497e+07 0.07 2.34 179 
1562192182.036231671 4.29497e+07 4.29497e+07 0.03 2.41 179 
1562192182.837895872 4.29497e+07 0 4.29497e+07 2.56 179 
1562192182.956884866 4.29497e+07 0.03 4.29497e+07 2.41 311 
1562192183.050059311 4.29497e+07 0.05 4.29497e+07 2.35 311 
1562192183.150390741 4.29497e+07 0.05 4.29497e+07 2.37 311 
1562192183.250177718 4.29497e+07 0.09 4.29497e+07 2.36 311 
1562192184.031137087 4.29497e+07 0.16 4.29497e+07 2.35 179 
1562192184.159213485 4.29497e+07 0.21 0.46 2.36 311 
1562192184.251534427 4.29497e+07 0.23 0.51 2.36 311 
1562192184.353476230 4.29497e+07 0.25 0.53 2.35 311 
1562192184.445375307 4.29497e+07 0.28 0.54 2.36 311 
1562192184.552608628 4.29497e+07 0.3 0.52 2.36 311 
1562192184.650302089 4.29497e+07 0.31 0.5 2.36 311 
1562192185.430234792 4.29497e+07 0.32 0.48 2.37 179 
1562192186.235272960 4.29497e+07 0.41 0.48 2.32 179 
1562192186.359190991 4.29497e+07 1.41 4.29497e+07 2.36 311 
1562192186.467481589 4.29497e+07 1.68 4.29497e+07 2.37 311 
1562192186.652201385 4.29497e+07 2.1 4.29497e+07 2.38 311 
1562192186.749001122 4.29497e+07 2.2 4.29497e+07 2.38 311 
1562192186.858380476 4.29497e+07 2.27 4.29497e+07 2.38 311 
1562192187.627300017 4.29497e+07 2.33 4.29497e+07 2.4 179 
1562192187.749771483 4.29497e+07 2.25 4.29497e+07 2.38 311 
1562192187.869424557 4.29497e+07 2.13 4.29497e+07 2.37 311 
1562192188.045787422 4.29497e+07 1.73 4.29497e+07 2.37 311 
1562192188.840975395 4.29497e+07 1.38 4.29497e+07 2.42 179 
1562192189.694091762 4.29497e+07 4.29497e+07 0.12 2.25 179 
1562192190.593321388 4.29497e+07 4.29497e+07 0.51 2.59 179 
1562192191.485062095 4.29497e+07 4.29497e+07 0.29 2.15 179 
1562192191.698309997 4.29497e+07 0.16 1.35 2.33 303 
1562192191.863460958 4.29497e+07 0.08 1.73 2.37 311 
1562192192.729142156 4.29497e+07 0.02 2.02 2.44 179 
1562192193.594315617 4.29497e+07 0.04 1.51 2.08 179 
1562192193.806845146 4.29497e+07 0.33 4.29497e+07 2.33 311 
1562192194.709240367 4.29497e+07 0.46 4.29497e+07 3.39 179 
1562192195.534841671 4.29497e+07 0.38 4.29497e+07 2.84 179 
1562192195.649974946 4.29497e+07 0.19 4.29497e+07 2.37 311 
1562192196.427883040 4.29497e+07 0.2 0 2.37 179 
