1562191689.732013100 0 0 0 0 1 
1562191689.852550479 4.29497e+07 0.07 0.25 1.78 295 
1562191690.623587053 0 0 0 0 1 
1562191690.736611051 0 0 0 0 1 
1562191690.857355196 4.29497e+07 0.07 0.29 1.72 295 
1562191691.624462933 0 0 0 0 1 
1562191691.732379011 0 0 0 0 1 
1562191691.855611989 4.29497e+07 0.16 0.5 1.75 295 
1562191691.950508199 4.29497e+07 0.17 0.5 1.74 295 
1562191692.049414239 4.29497e+07 0.19 0.46 1.73 295 
1562191692.146144965 4.29497e+07 0.21 0.48 1.73 295 
1562191692.251958097 4.29497e+07 0.22 0.49 1.72 295 
1562191693.028133388 4.29497e+07 0.25 0.52 1.71 163 
1562191693.836493033 4.29497e+07 0.54 0.52 1.76 163 
1562191693.952468266 4.29497e+07 0.67 0.51 1.81 295 
1562191694.053500715 4.29497e+07 0.66 0.48 1.79 295 
1562191694.150377300 4.29497e+07 0.65 0.47 1.77 295 
1562191694.248393766 4.29497e+07 0.64 0.43 1.76 295 
1562191694.349374177 4.29497e+07 0.64 0.4 1.75 295 
1562191695.129317381 4.29497e+07 0.64 0.4 1.74 163 
1562191695.933907534 4.29497e+07 0.36 0.49 1.6 171 
1562191696.058206404 4.29497e+07 0.18 0.64 1.58 303 
1562191696.830093117 4.29497e+07 0.21 0.68 1.53 171 
1562191697.637135280 4.29497e+07 0.54 4.29497e+07 0.72 179 
1562191697.803500054 0.41 0.73 4.29497e+07 1.03 311 
1562191698.631897844 0.62 1.06 4.29497e+07 1.4 179 
1562191698.841013436 4.29497e+07 4.29497e+07 0.26 1 311 
1562191699.641222233 4.29497e+07 4.29497e+07 0.42 1.11 163 
1562191699.749317904 4.29497e+07 4.29497e+07 0.35 1 311 
1562191699.873633813 4.29497e+07 4.29497e+07 0.31 0.99 311 
1562191700.782366764 4.29497e+07 4.29497e+07 0.24 0.96 179 
1562191701.692446354 4.29497e+07 0.23 4.29497e+07 1.02 179 
1562191701.882261946 4.29497e+07 4.29497e+07 4.29497e+07 0.97 311 
1562191702.729128063 4.29497e+07 4.29497e+07 4.29497e+07 1.1 179 
1562191703.537142151 4.29497e+07 4.29497e+07 4.29497e+07 1.08 179 
1562191704.328560704 4.29497e+07 4.29497e+07 4.29497e+07 1.21 179 
1562191704.453441012 4.29497e+07 4.29497e+07 4.29497e+07 0.98 311 
1562191705.328449962 4.29497e+07 4.29497e+07 0.87 1.22 179 
1562191705.457343436 4.29497e+07 4.29497e+07 0.03 0.91 311 
1562191705.547329677 4.29497e+07 4.29497e+07 0 0.93 311 
1562191705.641877251 4.29497e+07 4.29497e+07 4.29497e+07 0.95 311 
1562191706.429295527 4.29497e+07 4.29497e+07 0 0.97 179 
1562191706.549213598 4.29497e+07 4.29497e+07 0.46 1.03 311 
1562191706.653200574 4.29497e+07 4.29497e+07 0.53 1.05 311 
1562191707.429376152 4.29497e+07 4.29497e+07 0.66 1.12 179 
1562191708.236719089 4.29497e+07 4.29497e+07 0.43 1 179 
1562191709.039548196 4.29497e+07 4.29497e+07 0.05 1.02 179 
1562191709.164499842 4.29497e+07 4.29497e+07 0.17 0.94 311 
1562191710.033760017 4.29497e+07 0.23 0.21 1.01 179 
1562191710.840044145 4.29497e+07 0.27 0 1.28 179 
1562191711.639106624 4.29497e+07 0.33 4.29497e+07 0.98 179 
1562191712.434215499 4.29497e+07 0.57 4.29497e+07 1.09 179 
1562191712.558110587 4.29497e+07 0.09 4.29497e+07 1.01 311 
1562191713.378004695 4.29497e+07 4.29497e+07 4.29497e+07 0.99 179 
1562191714.236431359 4.29497e+07 4.29497e+07 4.29497e+07 1.06 179 
1562191714.356393325 4.29497e+07 0.02 4.29497e+07 1 311 
1562191714.449314508 4.29497e+07 0.03 4.29497e+07 0.99 311 
1562191715.229283073 4.29497e+07 0.06 4.29497e+07 0.99 179 
1562191716.036038170 4.29497e+07 0.23 4.29497e+07 1.04 179 
1562191716.837362602 4.29497e+07 0.04 4.29497e+07 0.9 179 
1562191717.636862428 4.29497e+07 0.02 4.29497e+07 0.89 179 
1562191717.740805558 4.29497e+07 4.29497e+07 0.18 0.99 311 
1562191717.863364807 4.29497e+07 4.29497e+07 0.39 1.03 311 
1562191718.056382847 4.29497e+07 4.29497e+07 0.67 1.06 311 
1562191718.150003350 4.29497e+07 4.29497e+07 0.7 1.05 311 
1562191718.244422972 4.29497e+07 4.29497e+07 0.73 1.05 311 
1562191718.350188653 4.29497e+07 4.29497e+07 0.74 1.05 311 
1562191718.451218511 4.29497e+07 4.29497e+07 0.69 1.04 311 
1562191718.550254999 4.29497e+07 4.29497e+07 0.61 1.03 311 
1562191719.331345651 4.29497e+07 4.29497e+07 0.55 1.03 179 
1562191719.457390791 4.29497e+07 4.29497e+07 4.29497e+07 1.02 311 
1562191719.547849473 4.29497e+07 4.29497e+07 4.29497e+07 1.04 311 
1562191720.382166569 4.29497e+07 4.29497e+07 4.29497e+07 1.05 179 
1562191720.651482977 4.29497e+07 4.29497e+07 0.18 1.02 311 
1562191721.525017185 4.29497e+07 0.16 0.93 1.56 171 
1562191721.657290157 4.29497e+07 0.59 4.29497e+07 0.98 311 
1562191722.482231201 4.29497e+07 0.64 4.29497e+07 1.02 171 
1562191723.337983039 0.01 1.14 4.29497e+07 1.29 179 
1562191723.460428869 0.03 0.84 4.29497e+07 0.98 303 
1562191724.242214230 4.29497e+07 0.73 4.29497e+07 0.96 171 
1562191724.358018140 4.29497e+07 0.09 4.29497e+07 1.01 311 
1562191725.197422539 4.29497e+07 0.01 4.29497e+07 1.04 163 
1562191726.031797045 4.29497e+07 4.29497e+07 0.74 1.91 163 
1562191726.832009199 4.29497e+07 4.29497e+07 1.55 2.8 163 
1562191726.956314885 4.29497e+07 4.29497e+07 1.72 3.02 295 
1562191727.727343795 4.29497e+07 4.29497e+07 1.63 2.95 163 
1562191727.878917183 4.29497e+07 4.29497e+07 0.41 2.55 303 
1562191728.731940996 4.29497e+07 4.29497e+07 0.34 2.49 171 
1562191728.859087206 4.29497e+07 4.29497e+07 0.63 2.46 303 
1562191729.631299026 4.29497e+07 4.29497e+07 0.6 2.42 171 
1562191730.433207536 4.29497e+07 4.29497e+07 1.4 1.99 171 
1562191731.238380844 4.29497e+07 0.37 1.49 2.59 171 
1562191731.359302265 4.29497e+07 0.32 1.46 2.53 303 
1562191732.080982871 4.29497e+07 0.25 1.49 2.31 367 
1562191732.938014108 4.29497e+07 0.07 1.86 1.97 171 
