1562191914.635819729 0 0 0 0 1 
1562191914.734592673 0 0 0 0 1 
1562191914.851465546 4.29497e+07 0.04 0.56 1.87 295 
1562191915.622527043 0 0 0 0 1 
1562191915.736071374 0 0 0 0 1 
1562191915.841462927 0 0 0 0 1 
1562191915.951242233 4.29497e+07 0.03 0.52 1.86 295 
1562191916.723060521 0 0 0 0 1 
1562191916.845429484 0 0 0 0 1 
1562191916.934568400 0 0 0 0 1 
1562191917.035775634 0 0 0 0 1 
1562191917.140425808 4.29497e+07 0.03 0.45 1.84 295 
1562191917.250367765 4.29497e+07 0.03 0.44 1.84 295 
1562191918.028340333 4.29497e+07 0.03 0.43 1.84 163 
1562191918.790947060 4.29497e+07 0.02 0.44 1.83 359 
1562191919.638552695 4.29497e+07 0.01 0.43 1.81 163 
1562191919.754551434 4.29497e+07 0 0.42 1.81 295 
1562191919.855403624 4.29497e+07 0 0.41 1.81 295 
1562191919.951477637 4.29497e+07 0 0.42 1.82 295 
1562191920.052785911 4.29497e+07 0 0.41 1.82 295 
1562191920.151413801 4.29497e+07 0 0.41 1.82 295 
1562191920.251596503 4.29497e+07 0 0.41 1.82 295 
1562191921.031537283 4.29497e+07 0 0.41 1.82 163 
1562191921.838550873 4.29497e+07 0 0.4 1.82 227 
1562191922.639219655 4.29497e+07 0 0.39 1.81 163 
1562191922.754790500 4.29497e+07 0 0.38 1.82 295 
1562191923.537945222 4.29497e+07 0 0.39 1.82 163 
1562191924.326484890 4.29497e+07 4.29497e+07 0.39 1.84 163 
1562191925.137277348 4.29497e+07 4.29497e+07 0.38 1.85 163 
1562191925.252319353 4.29497e+07 4.29497e+07 0.38 1.87 295 
1562191926.031357309 4.29497e+07 4.29497e+07 0.39 1.87 163 
1562191926.841394013 4.29497e+07 4.29497e+07 0.4 1.87 163 
1562191927.638323368 4.29497e+07 4.29497e+07 0.41 1.88 163 
1562191927.756144578 4.29497e+07 4.29497e+07 0.6 1.96 303 
1562191927.880021518 4.29497e+07 4.29497e+07 0.7 2 303 
1562191928.054328600 4.29497e+07 4.29497e+07 0.77 2.03 303 
1562191928.834060822 4.29497e+07 4.29497e+07 0.83 2.06 171 
1562191929.641111264 4.29497e+07 4.29497e+07 0.84 2.08 163 
1562191929.742394577 4.29497e+07 4.29497e+07 0.88 2.1 295 
1562191929.879976086 4.29497e+07 4.29497e+07 0.95 2.13 303 
1562191930.053487693 4.29497e+07 4.29497e+07 0.92 2.12 303 
1562191930.837306626 4.29497e+07 4.29497e+07 0.91 2.13 171 
1562191931.642126870 4.29497e+07 4.29497e+07 0.95 2.14 171 
1562191931.756224828 4.29497e+07 4.29497e+07 0.93 2.15 303 
1562191931.881066237 4.29497e+07 4.29497e+07 0.93 2.15 303 
1562191932.735616209 4.29497e+07 4.29497e+07 0.92 2.16 171 
1562191932.879476777 4.29497e+07 0.15 0.04 2.36 311 
1562191933.053392655 4.29497e+07 0.15 0.03 2.36 311 
1562191933.830775236 4.29497e+07 0.15 0.03 2.36 179 
1562191933.961252155 4.29497e+07 0.14 0.03 2.36 311 
1562191934.054345675 4.29497e+07 0.15 0.03 2.36 311 
1562191934.837251759 4.29497e+07 0.15 0.03 2.36 179 
1562191935.640992868 4.29497e+07 0.15 0.03 2.36 179 
1562191935.754326654 4.29497e+07 0.14 0.03 2.36 311 
1562191935.882174952 4.29497e+07 0.14 0.03 2.36 311 
1562191936.735640039 4.29497e+07 0.14 0.03 2.36 179 
1562191936.864468577 4.29497e+07 0.14 0.02 2.37 311 
1562191937.053443498 4.29497e+07 0.14 0.02 2.36 311 
1562191937.155413487 4.29497e+07 0.14 0.03 2.36 311 
1562191937.254367753 4.29497e+07 0.14 0.03 2.36 311 
1562191937.356428936 4.29497e+07 0.14 0.03 2.36 311 
1562191938.136128331 4.29497e+07 0.14 0.03 2.36 179 
1562191938.263530147 4.29497e+07 0.14 0.03 2.36 311 
1562191939.133562843 4.29497e+07 0.14 0.03 2.36 179 
1562191939.262444183 4.29497e+07 0.14 0.03 2.36 311 
1562191939.455586201 4.29497e+07 0.14 0.03 2.36 311 
1562191940.235519534 4.29497e+07 0.14 0.03 2.36 179 
1562191940.365535597 4.29497e+07 0.14 0.03 2.36 311 
1562191941.230244501 4.29497e+07 0.15 0.05 2.36 179 
1562191942.039432161 4.29497e+07 0.14 0.05 2.35 163 
1562191942.162358753 4.29497e+07 0.15 4.29497e+07 2.36 295 
1562191942.349837725 4.29497e+07 0.15 0 2.36 295 
1562191943.136500512 4.29497e+07 0.15 0.03 2.36 179 
1562191943.257999773 4.29497e+07 0.15 0.03 2.37 311 
1562191943.358834431 4.29497e+07 0.15 0.03 2.36 311 
1562191944.133169933 4.29497e+07 0.15 0.03 2.37 179 
1562191944.265698232 4.29497e+07 0.15 0.03 2.36 311 
1562191944.456303154 4.29497e+07 0.15 0.02 2.36 311 
1562191945.233388361 4.29497e+07 0.15 0.03 2.36 179 
1562191946.043225651 4.29497e+07 0.15 0.03 2.36 179 
1562191946.165363965 4.29497e+07 0.15 0.04 2.36 311 
1562191946.355529997 4.29497e+07 0.14 0.03 2.36 311 
1562191946.457001096 4.29497e+07 0.14 0.03 2.36 311 
1562191946.554147588 4.29497e+07 0.14 0.03 2.36 311 
1562191946.654264269 4.29497e+07 0.14 0.03 2.36 311 
1562191947.435429764 4.29497e+07 0.15 0.03 2.36 179 
1562191947.563467989 4.29497e+07 0.14 0.03 2.36 311 
1562191947.748358874 4.29497e+07 0.14 0.03 2.36 311 
1562191947.882152862 4.29497e+07 0.14 0.03 2.36 311 
1562191948.055426348 4.29497e+07 0.14 0.03 2.36 311 
1562191948.155544608 4.29497e+07 0.14 0.03 2.36 311 
1562191948.255929719 4.29497e+07 0.14 0.03 2.36 311 
1562191949.035925149 4.29497e+07 0.14 0.03 2.36 179 
1562191949.165377457 4.29497e+07 0.14 0.02 2.37 311 
1562191949.356055541 4.29497e+07 0.14 0.03 2.36 311 
1562191950.136341631 4.29497e+07 0.14 0.03 2.36 179 
1562191950.940187590 4.29497e+07 0.14 0.04 2.36 243 
1562191951.062086487 4.29497e+07 0.14 0.03 2.37 311 
1562191951.256014966 4.29497e+07 0.14 0.03 2.37 311 
1562191951.348497246 4.29497e+07 0.14 0.03 2.37 311 
1562191951.455966131 4.29497e+07 0.14 0.03 2.37 311 
1562191951.555107282 4.29497e+07 0.14 0.03 2.37 311 
1562191951.654171031 4.29497e+07 0.14 0.03 2.37 311 
