1562191986.735567955 0 0 0 0 1 
1562191986.877144671 4.29497e+07 0.18 0.46 2.42 295 
1562191987.052330707 4.29497e+07 0.17 0.45 2.42 295 
1562191987.156871316 4.29497e+07 0.17 0.46 2.43 295 
1562191987.881911376 4.29497e+07 0.17 0.46 2.44 359 
1562191988.740886290 4.29497e+07 0.15 0.03 2.37 179 
1562191988.877911574 4.29497e+07 0.15 0.02 2.37 311 
1562191989.057875737 4.29497e+07 0.15 0.01 2.36 311 
1562191989.255247465 4.29497e+07 0.15 0.02 2.37 311 
1562191989.354138778 4.29497e+07 0.16 0.02 2.37 311 
1562191989.454262737 4.29497e+07 0.16 0.02 2.37 311 
1562191990.236219116 4.29497e+07 0.16 0.02 2.37 179 
1562191991.041261149 4.29497e+07 0.12 0.01 2.37 179 
1562191991.161136751 4.29497e+07 4.29497e+07 4.29497e+07 2.35 311 
1562191992.032115850 4.29497e+07 4.29497e+07 4.29497e+07 2.41 179 
1562191992.162004784 4.29497e+07 4.29497e+07 4.29497e+07 2.38 311 
1562191993.032372163 4.29497e+07 4.29497e+07 4.29497e+07 2.29 179 
1562191993.840812139 4.29497e+07 4.29497e+07 4.29497e+07 2.39 179 
1562191994.640000374 4.29497e+07 4.29497e+07 4.29497e+07 2.12 179 
1562191994.760645000 4.29497e+07 4.29497e+07 4.29497e+07 2.35 311 
1562191995.641220212 4.29497e+07 0.14 4.29497e+07 2.34 179 
1562191995.755721449 4.29497e+07 0.39 4.29497e+07 2.36 311 
1562191996.539190180 4.29497e+07 0.43 4.29497e+07 2.35 179 
1562191997.335162851 4.29497e+07 0.75 4.29497e+07 2.33 179 
1562191997.460045324 4.29497e+07 1.38 4.29497e+07 2.37 311 
1562191998.226737597 4.29497e+07 1.52 4.29497e+07 2.43 179 
1562191998.360996681 4.29497e+07 1.81 4.29497e+07 2.39 311 
1562191999.232863010 4.29497e+07 1.81 4.29497e+07 2.43 179 
1562191999.359269402 4.29497e+07 1.45 4.29497e+07 2.43 311 
1562191999.453027231 4.29497e+07 1.3 4.29497e+07 2.43 311 
1562192000.233174777 4.29497e+07 1.14 4.29497e+07 2.37 179 
1562192001.041968809 4.29497e+07 4.29497e+07 4.29497e+07 2.32 179 
1562192001.163235864 4.29497e+07 4.29497e+07 4.29497e+07 2.35 311 
1562192001.355103238 4.29497e+07 4.29497e+07 4.29497e+07 2.35 311 
1562192002.135916865 4.29497e+07 4.29497e+07 4.29497e+07 2.35 179 
1562192002.262108336 4.29497e+07 4.29497e+07 0.02 2.36 311 
1562192003.132328573 4.29497e+07 4.29497e+07 0.04 2.35 179 
1562192003.940483014 0.18 4.29497e+07 0.04 2.36 179 
1562192004.065598251 0.81 4.29497e+07 0.04 2.39 311 
1562192004.882063726 1.01 4.29497e+07 0.03 2.36 375 
1562192005.057084791 1.51 4.29497e+07 0.05 2.35 311 
1562192005.150736684 1.58 4.29497e+07 0.07 2.36 311 
1562192005.930737629 1.65 4.29497e+07 0.07 2.36 179 
1562192006.061968335 2.07 4.29497e+07 0.11 2.35 311 
1562192006.246157320 2.12 4.29497e+07 0.13 2.37 311 
1562192007.030770388 2.12 4.29497e+07 0.12 2.37 179 
1562192007.151101054 1.48 4.29497e+07 0.01 2.35 311 
1562192007.929231813 1.28 4.29497e+07 4.29497e+07 2.34 179 
1562192008.740925527 4.29497e+07 4.29497e+07 4.29497e+07 2.36 179 
1562192009.538716318 4.29497e+07 4.29497e+07 4.29497e+07 2.42 179 
1562192010.332148404 4.29497e+07 4.29497e+07 4.29497e+07 2.47 179 
1562192010.447505405 4.29497e+07 0.3 4.29497e+07 2.41 311 
1562192010.546824072 4.29497e+07 0.45 4.29497e+07 2.44 311 
1562192010.650807314 4.29497e+07 0.61 4.29497e+07 2.41 311 
1562192011.435914279 4.29497e+07 0.79 4.29497e+07 2.42 179 
1562192012.239659292 4.29497e+07 1.73 4.29497e+07 2.41 179 
1562192012.359639851 4.29497e+07 2.16 4.29497e+07 2.42 303 
1562192013.131014212 0.08 2.21 4.29497e+07 2.45 171 
1562192013.937464328 0.79 2.19 4.29497e+07 2.44 171 
1562192014.740008830 1.51 1.76 4.29497e+07 2.35 171 
1562192015.537149335 2.04 1.02 4.29497e+07 2.29 171 
1562192016.327487671 0 0 0 0 1 
1562192016.441862918 0 0 0 0 1 
1562192016.549676786 4.29497e+07 1.28 4.29497e+07 1.78 295 
1562192016.659834066 4.29497e+07 1.13 4.29497e+07 1.81 295 
1562192016.750179498 4.29497e+07 1.01 4.29497e+07 1.82 295 
1562192017.537028166 4.29497e+07 0.91 4.29497e+07 1.83 163 
1562192017.653837665 4.29497e+07 4.29497e+07 4.29497e+07 2.05 303 
1562192017.754244217 4.29497e+07 4.29497e+07 4.29497e+07 2.08 303 
1562192017.877115673 4.29497e+07 4.29497e+07 4.29497e+07 2.13 303 
1562192018.052930149 4.29497e+07 4.29497e+07 0 2.21 303 
1562192018.829721664 4.29497e+07 4.29497e+07 0.06 2.25 171 
1562192019.635978295 4.29497e+07 4.29497e+07 0.3 2.47 171 
1562192019.745047539 4.29497e+07 4.29497e+07 0.47 2.73 303 
1562192019.861871929 4.29497e+07 4.29497e+07 0.49 2.78 303 
1562192020.052359564 4.29497e+07 4.29497e+07 0.58 2.92 303 
1562192020.152195321 4.29497e+07 4.29497e+07 0.62 2.96 303 
1562192020.252890208 4.29497e+07 4.29497e+07 0.73 3.02 303 
1562192020.350423779 4.29497e+07 4.29497e+07 0.81 3.07 303 
1562192021.132161725 4.29497e+07 4.29497e+07 0.91 3.11 171 
1562192021.259564665 4.29497e+07 4.29497e+07 1.27 2.99 303 
1562192022.031073233 4.29497e+07 4.29497e+07 1.3 2.98 235 
1562192022.156893613 4.29497e+07 4.29497e+07 2 3.19 303 
1562192022.250777741 4.29497e+07 4.29497e+07 1.84 3.13 303 
1562192023.031170016 4.29497e+07 4.29497e+07 1.7 3.08 171 
1562192023.162812740 4.29497e+07 4.29497e+07 1.38 2.93 303 
1562192024.035885041 0 4.29497e+07 1.37 2.99 171 
1562192024.161743871 0.47 4.29497e+07 1.13 3.12 303 
1562192024.352977448 0.41 4.29497e+07 0.81 3.14 303 
1562192024.455571747 0.39 4.29497e+07 0.66 3.14 303 
1562192025.235578326 0.36 4.29497e+07 0.51 3.12 171 
1562192025.359874015 0.23 4.29497e+07 4.29497e+07 2.86 303 
1562192026.133967463 0.22 4.29497e+07 4.29497e+07 2.79 171 
1562192026.257849042 0.12 4.29497e+07 4.29497e+07 2.6 303 
1562192026.352002700 0.07 4.29497e+07 4.29497e+07 2.54 303 
1562192026.454780610 0.02 4.29497e+07 4.29497e+07 2.51 303 
1562192027.230614928 4.29497e+07 4.29497e+07 4.29497e+07 2.48 171 
1562192027.359917802 4.29497e+07 4.29497e+07 4.29497e+07 2.23 303 
1562192028.129988884 4.29497e+07 4.29497e+07 4.29497e+07 2.2 171 
1562192028.932075112 4.29497e+07 4.29497e+07 4.29497e+07 2.38 179 
1562192029.059604040 4.29497e+07 0.17 4.29497e+07 2.38 311 
1562192029.841979778 4.29497e+07 0.15 4.29497e+07 2.41 179 
1562192030.640831555 4.29497e+07 0.09 0 2.26 179 
1562192031.428868843 4.29497e+07 0.16 0.02 2.18 179 
1562192032.239678085 4.29497e+07 0.14 0.06 2.33 179 
1562192032.354069407 4.29497e+07 0.19 0.03 2.37 311 
1562192032.457640064 4.29497e+07 0.19 0.02 2.37 311 
1562192033.230472484 4.29497e+07 0.18 0.02 2.36 179 
1562192033.364012303 4.29497e+07 0.19 0.02 2.36 311 
1562192033.555438163 4.29497e+07 0.18 0.01 2.36 311 
