1562191180.030242264 0 0 0 0 1 
1562191180.136707038 0 0 0 0 1 
1562191180.250591458 4.29497e+07 0.26 4.29497e+07 1.11 295 
1562191180.360779392 4.29497e+07 0.26 4.29497e+07 1.11 295 
1562191180.453486467 4.29497e+07 0.26 4.29497e+07 1.11 295 
1562191180.553643936 4.29497e+07 0.26 4.29497e+07 1.11 295 
1562191181.334552158 4.29497e+07 0.26 4.29497e+07 1.11 163 
1562191182.139339471 4.29497e+07 0.26 4.29497e+07 1.1 163 
1562191182.261727996 4.29497e+07 0.23 4.29497e+07 1.02 303 
1562191182.353658049 4.29497e+07 0.21 0.1 0.99 303 
1562191182.556354708 4.29497e+07 0.21 0.28 0.96 303 
1562191182.652534947 4.29497e+07 0.05 4.29497e+07 1 311 
1562191182.745257096 4.29497e+07 0.05 4.29497e+07 1 311 
1562191182.866706307 4.29497e+07 0.05 4.29497e+07 0.99 311 
1562191183.628807534 4.29497e+07 0.04 0 0.99 179 
1562191183.751890214 4.29497e+07 0.05 0 0.99 311 
1562191183.868696026 4.29497e+07 0.05 0 0.99 311 
1562191184.732526819 4.29497e+07 0.05 0 0.99 179 
1562191184.867753314 4.29497e+07 0.05 0 0.99 311 
1562191185.052780442 4.29497e+07 0.05 0 0.99 311 
1562191185.152536422 4.29497e+07 0.05 0 0.99 311 
1562191185.253739759 4.29497e+07 0.05 0 0.99 311 
1562191186.036272594 4.29497e+07 0.05 0 0.99 243 
1562191186.166189908 4.29497e+07 0.05 0 0.99 311 
1562191186.348278623 4.29497e+07 0.05 0 0.99 311 
1562191186.461505395 4.29497e+07 0.05 0 0.99 311 
1562191186.562323349 4.29497e+07 0.05 0 0.99 311 
1562191187.332853419 4.29497e+07 0.05 0 0.99 179 
1562191187.461617407 4.29497e+07 0.05 0 0.99 311 
1562191187.552581343 4.29497e+07 0.05 0 0.99 311 
1562191187.656421165 4.29497e+07 0.05 0 0.99 311 
1562191187.754678567 4.29497e+07 0.05 0 0.99 311 
1562191188.542469140 4.29497e+07 0.05 0 0.99 179 
1562191189.336394382 4.29497e+07 0.05 0.02 0.98 179 
1562191190.140620037 4.29497e+07 0.04 0.08 0.95 179 
1562191190.263311133 4.29497e+07 0.05 0 0.99 311 
1562191190.368765680 4.29497e+07 0.05 0 0.99 311 
1562191190.556680937 4.29497e+07 0.05 0 0.99 311 
1562191191.337688134 4.29497e+07 0.05 0.01 0.99 179 
1562191191.466736684 4.29497e+07 0.05 0.01 0.99 311 
1562191191.657565148 4.29497e+07 0.05 0 0.99 311 
1562191191.758703588 4.29497e+07 0.05 0 0.99 311 
1562191192.553398598 4.29497e+07 0.05 0 0.99 179 
1562191193.339454892 4.29497e+07 0.05 0.01 0.99 179 
1562191193.463444764 4.29497e+07 0.05 0.01 0.99 311 
1562191193.548796150 4.29497e+07 0.05 0.01 0.99 311 
1562191193.654439486 4.29497e+07 0.05 0 0.99 311 
1562191193.753496362 4.29497e+07 0.05 0.01 0.99 311 
1562191194.543644835 4.29497e+07 0.05 0.01 0.99 179 
1562191194.655713747 4.29497e+07 0.05 0.01 0.99 311 
1562191194.754664536 4.29497e+07 0.05 0.01 0.99 311 
1562191194.880732670 4.29497e+07 0.05 0 0.99 311 
1562191195.732581452 4.29497e+07 0.05 0 0.99 179 
1562191195.883513598 4.29497e+07 0.05 0 0.99 311 
1562191196.056526492 4.29497e+07 0.05 0 0.99 311 
1562191196.154329520 4.29497e+07 0.05 0 0.99 311 
1562191196.246927929 4.29497e+07 0.05 0 0.99 311 
1562191196.352701790 4.29497e+07 0.05 0 0.99 311 
1562191197.127638478 4.29497e+07 0.05 0 0.98 179 
1562191197.937554378 4.29497e+07 0.05 0.02 0.98 179 
1562191198.054173047 4.29497e+07 0.06 0 0.99 311 
1562191198.154580239 4.29497e+07 0.06 4.29497e+07 1 311 
1562191198.255667767 4.29497e+07 0.06 4.29497e+07 0.99 311 
1562191198.354196861 4.29497e+07 0.05 4.29497e+07 0.99 311 
1562191199.134499007 4.29497e+07 0.06 0 0.99 179 
1562191199.941686060 4.29497e+07 0.06 0 0.99 179 
1562191200.738496388 4.29497e+07 0.05 4.29497e+07 0.98 179 
1562191200.880590172 4.29497e+07 0.05 4.29497e+07 0.99 311 
1562191201.057317784 4.29497e+07 0.05 0 1 311 
1562191201.154343354 4.29497e+07 0.05 0 0.99 311 
1562191201.254217325 4.29497e+07 0.05 0 0.99 311 
1562191201.353393220 4.29497e+07 0.05 0 0.99 311 
1562191201.454205389 4.29497e+07 0.05 0 1 311 
1562191201.552803723 4.29497e+07 0.05 0 1 311 
1562191201.647297494 4.29497e+07 0.05 0 0.99 311 
1562191201.753155680 4.29497e+07 0.05 0 1 311 
1562191201.882629131 4.29497e+07 0.05 0 0.99 311 
1562191202.054555398 4.29497e+07 0.05 0 0.99 311 
1562191202.154081595 4.29497e+07 0.05 0 0.99 311 
1562191202.934524619 4.29497e+07 0.05 0 0.99 179 
1562191203.062201866 4.29497e+07 0.05 0 0.99 311 
1562191203.837362468 4.29497e+07 0.05 4.29497e+07 0.99 179 
1562191204.644406093 4.29497e+07 0.05 4.29497e+07 0.98 179 
1562191204.758567888 4.29497e+07 0.05 0.01 0.98 311 
1562191204.882757489 4.29497e+07 0.05 0.02 0.98 311 
1562191205.060479747 4.29497e+07 0.05 0.01 0.99 311 
1562191205.839404616 4.29497e+07 0.05 0 0.99 179 
1562191206.639805770 4.29497e+07 0.05 4.29497e+07 1 179 
1562191206.756510505 4.29497e+07 0.05 0 0.99 311 
1562191206.881188625 4.29497e+07 0.05 0 0.99 311 
1562191207.050073286 4.29497e+07 0.05 0 0.99 311 
1562191207.154557788 4.29497e+07 0.05 0 0.99 311 
1562191207.253646341 4.29497e+07 0.05 0 0.99 311 
1562191207.353639628 4.29497e+07 0.05 0 0.99 311 
1562191207.454585940 4.29497e+07 0.05 0 0.99 311 
1562191207.554516230 4.29497e+07 0.05 0 0.99 311 
1562191207.653640008 4.29497e+07 0.05 0 0.99 311 
1562191207.756467568 4.29497e+07 0.05 0 0.99 311 
1562191207.883497914 4.29497e+07 0.05 0 0.99 311 
1562191208.766449623 4.29497e+07 0.05 0 0.99 179 
1562191209.637263881 4.29497e+07 0.05 4.29497e+07 0.99 179 
1562191210.433531594 4.29497e+07 0.06 4.29497e+07 1 179 
1562191211.241617766 4.29497e+07 0.07 4.29497e+07 1.01 179 
1562191211.362309444 4.29497e+07 0.05 0 0.99 311 
1562191212.133065645 4.29497e+07 0.06 4.29497e+07 0.99 179 
1562191212.260659647 4.29497e+07 0.05 0 0.99 311 
1562191212.361084341 4.29497e+07 0.05 0 0.99 311 
1562191213.142410680 4.29497e+07 0.05 0 0.99 179 
1562191213.938602871 4.29497e+07 0.05 0 0.99 179 
1562191214.741063028 4.29497e+07 0.06 4.29497e+07 0.99 179 
