1562192063.935342031 0 0 0 0 1 
1562192064.035365722 0 0 0 0 1 
1562192064.147023435 4.29497e+07 0.24 0.1 2.24 295 
1562192064.923644147 0 0 0 0 1 
1562192065.042028445 0 0 0 0 1 
1562192065.136925369 0 0 0 0 1 
1562192065.249901494 4.29497e+07 0.24 0.07 2.24 295 
1562192066.026621343 0 0 0 0 1 
1562192066.144544527 0 0 0 0 1 
1562192066.249780287 4.29497e+07 0.25 0.08 2.23 295 
1562192067.026543094 0 0 0 0 1 
1562192067.142738982 0 0 0 0 1 
1562192067.253633543 4.29497e+07 0.25 0.05 2.23 295 
1562192068.025490737 0 0 0 0 1 
1562192068.143723313 0 0 0 0 1 
1562192068.235007774 0 0 0 0 1 
1562192068.331810712 0 0 0 0 1 
1562192068.451968676 4.29497e+07 0.24 4.29497e+07 2.23 295 
1562192068.551989972 4.29497e+07 0.23 4.29497e+07 2.23 295 
1562192068.651959452 4.29497e+07 0.23 4.29497e+07 2.23 295 
1562192069.431668711 4.29497e+07 0.23 4.29497e+07 2.23 163 
1562192069.560576424 4.29497e+07 0.23 4.29497e+07 2.24 295 
1562192070.333886870 4.29497e+07 0.22 4.29497e+07 2.24 163 
1562192071.141992754 4.29497e+07 0.19 0.02 2.36 179 
1562192071.936700893 4.29497e+07 0.19 0.03 2.36 179 
1562192072.739435493 4.29497e+07 0.19 0.03 2.36 179 
1562192073.535383985 0 0 0 0 1 
1562192073.636621400 0 0 0 0 1 
1562192073.746640565 4.29497e+07 0.19 0.04 2.35 295 
1562192073.879633450 4.29497e+07 0.19 0.04 2.35 295 
1562192074.052717551 4.29497e+07 0.19 0.06 2.35 295 
1562192074.153437924 4.29497e+07 0.19 0.06 2.35 295 
1562192074.251854829 4.29497e+07 0.19 0.06 2.35 295 
1562192074.350653965 4.29497e+07 0.19 0.06 2.35 295 
1562192074.451830260 4.29497e+07 0.19 0.06 2.35 295 
1562192075.233060725 4.29497e+07 0.19 0.06 2.35 163 
1562192075.362787515 4.29497e+07 0.19 0.03 2.36 311 
1562192076.235444638 4.29497e+07 0.19 0.03 2.35 179 
1562192077.039702495 4.29497e+07 0.19 0.02 2.35 179 
1562192077.161621628 4.29497e+07 0.19 0.03 2.36 311 
1562192077.347505962 4.29497e+07 0.19 0.03 2.36 311 
1562192077.451910946 4.29497e+07 0.19 0.03 2.36 311 
1562192077.552615895 4.29497e+07 0.19 0.03 2.36 311 
1562192077.650817213 4.29497e+07 0.19 0.03 2.36 311 
1562192077.755042816 4.29497e+07 0.19 0.03 2.36 311 
1562192077.876856987 4.29497e+07 0.19 0.03 2.36 311 
1562192078.055460763 4.29497e+07 0.19 0.03 2.36 311 
1562192078.156622982 4.29497e+07 0.19 0.03 2.36 311 
1562192078.249404588 4.29497e+07 0.19 0.03 2.36 311 
1562192078.355566302 4.29497e+07 0.19 0.03 2.36 311 
1562192078.455550983 4.29497e+07 0.19 0.03 2.36 311 
1562192079.235029033 4.29497e+07 0.19 0.03 2.36 179 
1562192080.036500250 4.29497e+07 0.19 0.03 2.36 179 
1562192080.163615442 4.29497e+07 0.2 0.03 2.36 311 
1562192080.353667722 4.29497e+07 0.19 0.03 2.36 311 
1562192081.134860339 4.29497e+07 0.19 0.02 2.36 179 
1562192081.940344608 4.29497e+07 0.23 0.13 2.27 179 
1562192082.061821814 4.29497e+07 0.12 0.27 2.09 295 
1562192082.258737367 4.29497e+07 0.12 0.28 2.08 303 
1562192083.031517101 4.29497e+07 0.14 0.31 2.08 171 
1562192083.837815740 4.29497e+07 0.29 0.45 2.13 171 
1562192084.639658291 4.29497e+07 0.5 0.76 2.36 171 
1562192084.754897213 4.29497e+07 0.95 0.41 2.4 303 
1562192084.869826131 4.29497e+07 1.02 0.19 2.38 303 
1562192085.734018349 4.29497e+07 1.67 0.18 2.36 179 
1562192086.538674165 4.29497e+07 1.79 4.29497e+07 2.35 179 
1562192086.715648820 4.29497e+07 1.82 4.29497e+07 2.38 311 
1562192087.540577376 4.29497e+07 1.75 0.08 2.44 179 
1562192088.393981914 4.29497e+07 1.53 0.44 2.52 179 
1562192088.619833528 4.29497e+07 4.29497e+07 0.78 2.36 311 
1562192089.536917838 4.29497e+07 4.29497e+07 0.83 2.95 179 
1562192090.342526182 4.29497e+07 4.29497e+07 0.64 3.02 179 
1562192091.197727703 4.29497e+07 4.29497e+07 0.04 3.12 179 
1562192092.097798301 4.29497e+07 4.29497e+07 0.22 2.68 179 
1562192092.311434488 4.29497e+07 1.97 4.29497e+07 2.37 311 
1562192092.456729326 4.29497e+07 2.05 4.29497e+07 2.37 311 
1562192093.233659215 4.29497e+07 2.12 4.29497e+07 2.38 179 
1562192093.361408986 4.29497e+07 2.27 4.29497e+07 2.36 311 
1562192093.548601255 0.07 2.26 4.29497e+07 2.36 311 
1562192094.330264503 0.23 2.26 4.29497e+07 2.37 179 
1562192094.452782674 0.65 2.14 4.29497e+07 2.36 311 
1562192095.327577434 0.73 2.13 4.29497e+07 2.37 179 
1562192095.462720659 0.78 2.12 4.29497e+07 2.36 311 
1562192095.652765540 0.73 2.19 4.29497e+07 2.36 311 
1562192095.755567978 0.71 2.23 4.29497e+07 2.37 311 
1562192095.878478997 0.68 2.25 4.29497e+07 2.36 311 
1562192096.733893641 0.67 2.26 0 2.36 179 
1562192096.864654867 0.5 2.08 0.96 2.35 311 
1562192097.790051043 0.32 1.9 1.76 2.61 179 
1562192098.639477450 0.32 1.93 1.67 2.58 179 
1562192098.807355823 4.29497e+07 1.86 0.78 2.37 311 
1562192099.732672325 4.29497e+07 1.38 1.22 2.93 179 
1562192100.536505468 4.29497e+07 1.08 1.42 3.25 179 
1562192100.708358853 4.29497e+07 4.29497e+07 1.1 2.35 311 
1562192100.860293325 4.29497e+07 4.29497e+07 1.05 2.35 311 
1562192101.055346873 4.29497e+07 4.29497e+07 0.99 2.35 311 
1562192101.155379265 4.29497e+07 4.29497e+07 0.95 2.36 311 
1562192101.931561636 4.29497e+07 4.29497e+07 0.91 2.37 179 
1562192102.120101887 4.29497e+07 0 0.63 2.37 311 
1562192103.041683627 4.29497e+07 1.01 0.31 2.84 179 
1562192103.156927321 4.29497e+07 1.57 4.29497e+07 2.41 311 
1562192103.960084467 4.29497e+07 1.69 4.29497e+07 2.41 163 
1562192104.739413287 4.29497e+07 2.82 4.29497e+07 3.22 179 
1562192105.540292507 4.29497e+07 3.17 4.29497e+07 3.26 179 
1562192105.715365620 4.29497e+07 2.16 4.29497e+07 2.38 311 
1562192105.880271245 4.29497e+07 2.12 4.29497e+07 2.37 311 
1562192106.735435845 4.29497e+07 2.07 4.29497e+07 2.39 179 
1562192106.924839830 4.29497e+07 2.28 4.29497e+07 2.36 311 
1562192107.048437309 4.29497e+07 2.34 4.29497e+07 2.36 311 
1562192107.153528470 4.29497e+07 2.36 4.29497e+07 2.37 311 
1562192107.929244116 0.07 2.38 4.29497e+07 2.39 179 
1562192108.064545259 1.1 2.09 0 2.36 311 
1562192109.007472121 2.08 1.82 4.29497e+07 2.77 179 
1562192109.837826179 2.29 1.65 4.29497e+07 2.82 179 
1562192110.631402582 2.95 0.85 4.29497e+07 3.08 179 
1562192111.427497318 3.26 0.28 4.29497e+07 3.28 179 
1562192111.603617700 1.76 1.57 0.23 2.37 311 
1562192112.488312661 1.03 2.84 0.49 3.06 179 
1562192113.333387901 0.59 3.06 0.39 3.14 179 
1562192113.514588524 4.29497e+07 0.3 0.62 2.37 311 
1562192114.459299669 4.29497e+07 4.29497e+07 0.99 3.72 171 
1562192114.557006048 4.29497e+07 4.29497e+07 0.71 3.14 303 
1562192114.657346872 4.29497e+07 4.29497e+07 0.7 2.98 303 
1562192115.425582880 4.29497e+07 4.29497e+07 0.71 2.91 171 
1562192116.240362325 4.29497e+07 4.29497e+07 0.85 2.64 179 
1562192116.419521934 4.29497e+07 0.24 0 2.36 311 
1562192116.555691696 4.29497e+07 0.27 0 2.36 311 
1562192116.653384506 4.29497e+07 0.26 0 2.36 311 
1562192116.756569044 4.29497e+07 0.26 0.02 2.36 311 
1562192116.870432533 4.29497e+07 0.25 0.02 2.36 311 
1562192117.055488683 4.29497e+07 0.25 0 2.36 311 
1562192117.154798007 4.29497e+07 0.25 0 2.37 311 
1562192117.253718218 4.29497e+07 0.24 0.03 2.37 311 
1562192117.356703900 4.29497e+07 0.24 0.02 2.36 311 
1562192118.134620761 4.29497e+07 0.23 0.02 2.37 179 
1562192118.262863517 4.29497e+07 0.23 0.01 2.37 311 
1562192118.455073674 4.29497e+07 0.23 0.01 2.37 311 
