1562191535.024274431 0 0 0 0 1 
1562191535.229243236 4.29497e+07 0.18 0.67 1.53 359 
1562191536.013256068 0 0 0 0 1 
1562191536.130617687 0 0 0 0 1 
1562191536.249041377 4.29497e+07 0.25 0.67 1.57 295 
1562191536.351099536 4.29497e+07 0.25 0.65 1.57 295 
1562191537.132871808 4.29497e+07 0.26 0.64 1.56 163 
1562191537.259083725 4.29497e+07 0.05 0 0.99 311 
1562191538.034148163 4.29497e+07 0.05 0.01 0.99 179 
1562191538.162272057 4.29497e+07 0.06 0 0.99 311 
1562191538.247202987 4.29497e+07 0.06 0 0.99 311 
1562191538.352164144 4.29497e+07 0.06 0 0.99 311 
1562191539.134231237 4.29497e+07 0.06 0.01 0.99 179 
1562191539.260007214 4.29497e+07 0.05 0 0.99 311 
1562191539.350505812 4.29497e+07 0.05 0.01 0.99 311 
1562191540.130799418 4.29497e+07 0.05 0.01 0.99 179 
1562191540.255234168 4.29497e+07 0.05 0.01 0.99 311 
1562191541.039384319 4.29497e+07 0.05 0.01 0.99 179 
1562191541.154058770 4.29497e+07 0.06 0.01 0.99 311 
1562191541.935223259 4.29497e+07 0.06 0.01 0.99 179 
1562191542.060167788 4.29497e+07 0.06 0.02 0.99 311 
1562191542.157207990 4.29497e+07 0.06 0.02 0.99 311 
1562191542.252397054 4.29497e+07 0.06 0.02 0.99 311 
1562191543.030205636 4.29497e+07 0.06 0.03 0.99 179 
1562191543.160165730 4.29497e+07 0.06 0.02 0.99 311 
1562191543.932714418 4.29497e+07 0.06 0 0.98 179 
1562191544.061061445 4.29497e+07 0.06 0.01 1 311 
1562191544.830008947 4.29497e+07 0.06 0 0.98 179 
1562191545.638647757 4.29497e+07 0.07 4.29497e+07 0.97 179 
1562191546.433142227 4.29497e+07 0.05 4.29497e+07 0.96 179 
1562191546.561769955 4.29497e+07 0.05 0 1 311 
1562191547.335248398 4.29497e+07 0.05 0 1 179 
1562191548.134822952 4.29497e+07 0.05 0 1 179 
1562191548.262912415 4.29497e+07 0.01 4.29497e+07 1 311 
1562191549.030733503 4.29497e+07 0 4.29497e+07 1 179 
1562191549.162027646 4.29497e+07 0.01 4.29497e+07 0.99 311 
1562191549.882724949 4.29497e+07 0.02 4.29497e+07 1 375 
1562191550.060851094 4.29497e+07 0.09 4.29497e+07 0.99 311 
1562191550.782209689 4.29497e+07 0.1 4.29497e+07 0.99 375 
1562191550.958875227 4.29497e+07 4.29497e+07 0.01 0.97 311 
1562191551.727426197 4.29497e+07 4.29497e+07 0.08 1 179 
1562191552.538589395 4.29497e+07 4.29497e+07 0.36 1.03 179 
1562191553.335767198 4.29497e+07 4.29497e+07 0.14 1.06 179 
1562191553.460201757 4.29497e+07 4.29497e+07 4.29497e+07 0.99 311 
1562191554.230677138 4.29497e+07 4.29497e+07 4.29497e+07 0.96 179 
1562191554.354086910 4.29497e+07 0.25 4.29497e+07 1.02 311 
1562191555.132108859 4.29497e+07 0.31 4.29497e+07 1.03 179 
1562191555.936259199 4.29497e+07 0 4.29497e+07 0.99 179 
1562191556.738432385 4.29497e+07 4.29497e+07 4.29497e+07 1.02 179 
1562191556.882013547 4.29497e+07 4.29497e+07 4.29497e+07 1.02 311 
1562191557.730155519 4.29497e+07 0.03 4.29497e+07 0.94 179 
1562191558.537167532 4.29497e+07 0.06 4.29497e+07 1.23 163 
1562191558.661139248 4.29497e+07 4.29497e+07 4.29497e+07 1.22 295 
1562191558.752716084 4.29497e+07 4.29497e+07 4.29497e+07 1.18 295 
1562191559.535105141 4.29497e+07 4.29497e+07 4.29497e+07 1.14 163 
1562191559.653839078 4.29497e+07 4.29497e+07 0.14 0.97 303 
1562191560.432127520 4.29497e+07 4.29497e+07 0.18 0.92 171 
1562191560.560158330 4.29497e+07 4.29497e+07 0.18 0.98 303 
1562191560.664074592 4.29497e+07 4.29497e+07 0.09 0.99 303 
1562191560.880079823 4.29497e+07 4.29497e+07 4.29497e+07 0.99 303 
1562191561.054059928 4.29497e+07 4.29497e+07 4.29497e+07 1 311 
1562191561.154121095 4.29497e+07 4.29497e+07 4.29497e+07 1 311 
1562191561.943676234 4.29497e+07 4.29497e+07 4.29497e+07 1 179 
1562191562.062920835 4.29497e+07 0 4.29497e+07 0.99 311 
1562191562.161065800 4.29497e+07 0.05 4.29497e+07 1 311 
1562191562.929939304 4.29497e+07 0.08 4.29497e+07 1 179 
1562191563.055023737 4.29497e+07 4.29497e+07 4.29497e+07 0.96 311 
1562191563.829091662 4.29497e+07 4.29497e+07 4.29497e+07 1.03 179 
1562191564.637803120 4.29497e+07 4.29497e+07 4.29497e+07 1.09 179 
1562191564.805901537 4.29497e+07 0.1 4.29497e+07 1.04 311 
1562191565.638720767 4.29497e+07 0.27 4.29497e+07 1.05 179 
1562191565.752508290 4.29497e+07 0.78 4.29497e+07 0.98 311 
1562191566.537631226 4.29497e+07 0.8 4.29497e+07 0.97 179 
1562191566.648648196 0.04 0.82 4.29497e+07 0.9 303 
1562191566.752024143 0.07 0.8 4.29497e+07 0.87 303 
1562191566.862907525 0.11 0.79 4.29497e+07 0.86 303 
1562191566.951930757 0.12 0.79 4.29497e+07 0.85 303 
1562191567.047041193 0.13 0.78 4.29497e+07 0.84 303 
1562191567.151867811 0.12 0.78 4.29497e+07 0.84 303 
1562191567.251157506 0.1 0.78 4.29497e+07 0.85 303 
1562191568.032036159 0.08 0.77 4.29497e+07 0.84 171 
1562191568.158642747 4.29497e+07 0.55 4.29497e+07 0.97 303 
1562191568.247379135 4.29497e+07 0.49 4.29497e+07 1.02 303 
1562191569.030045165 4.29497e+07 0.44 4.29497e+07 1.04 171 
1562191569.153833713 4.29497e+07 4.29497e+07 4.29497e+07 1.15 303 
1562191569.928083682 4.29497e+07 4.29497e+07 4.29497e+07 1.17 171 
1562191570.056043512 4.29497e+07 4.29497e+07 4.29497e+07 1.2 303 
1562191570.165150666 4.29497e+07 0.01 4.29497e+07 1.2 303 
1562191570.933958330 4.29497e+07 0.02 4.29497e+07 1.19 171 
1562191571.061713897 4.29497e+07 0 4.29497e+07 1.19 303 
1562191571.837742556 4.29497e+07 0 4.29497e+07 1.19 171 
1562191572.640883232 4.29497e+07 4.29497e+07 4.29497e+07 1.25 163 
1562191573.432229933 4.29497e+07 4.29497e+07 4.29497e+07 1.48 163 
1562191573.560149682 4.29497e+07 4.29497e+07 4.29497e+07 1.62 295 
1562191573.661073308 4.29497e+07 4.29497e+07 4.29497e+07 1.58 295 
1562191574.434961106 4.29497e+07 4.29497e+07 4.29497e+07 1.5 171 
1562191574.561982285 4.29497e+07 4.29497e+07 4.29497e+07 1.5 303 
1562191574.668963752 4.29497e+07 4.29497e+07 4.29497e+07 1.51 303 
1562191574.879998321 4.29497e+07 4.29497e+07 4.29497e+07 1.51 303 
1562191575.058149527 4.29497e+07 0.09 0.02 1 311 
1562191575.835763961 4.29497e+07 0.09 0.04 1 179 
1562191576.638729006 4.29497e+07 0.09 0.04 1.01 179 
1562191577.433815254 4.29497e+07 0.07 0.06 1.05 179 
1562191577.560527538 4.29497e+07 0.09 0.05 1.01 311 
