1562191618.632153701 0 0 0 0 1 
1562191618.734902390 0 0 0 0 1 
1562191618.861474395 4.29497e+07 0.33 0.2 1.65 295 
1562191618.948939583 4.29497e+07 0.33 0.22 1.65 295 
1562191619.053891185 4.29497e+07 0.34 0.23 1.66 295 
1562191619.150928804 4.29497e+07 0.34 0.24 1.65 295 
1562191619.243860481 4.29497e+07 0.34 0.24 1.65 295 
1562191619.349719088 4.29497e+07 0.34 0.25 1.65 295 
1562191620.126967982 4.29497e+07 0.35 0.25 1.65 163 
1562191620.254859889 4.29497e+07 0.41 0.49 1.64 295 
1562191621.027327924 4.29497e+07 0.41 0.54 1.63 163 
1562191621.156032403 4.29497e+07 0.31 0.62 0.98 311 
1562191621.927274554 4.29497e+07 0.38 0.67 0.97 179 
1562191622.055771989 4.29497e+07 0.49 0.44 0.99 311 
1562191622.147781531 4.29497e+07 0.5 0.31 0.97 311 
1562191622.930384787 4.29497e+07 0.52 0.22 0.94 179 
1562191623.053831539 4.29497e+07 0.6 0.15 0.96 311 
1562191623.828729035 4.29497e+07 0.63 0.11 0.94 179 
1562191624.632867467 4.29497e+07 0.6 0.15 0.89 179 
1562191624.807077232 4.29497e+07 4.29497e+07 0.21 0.96 311 
1562191625.636629109 4.29497e+07 4.29497e+07 4.29497e+07 1.11 179 
1562191626.423337430 4.29497e+07 4.29497e+07 4.29497e+07 1.24 171 
1562191627.232717541 4.29497e+07 4.29497e+07 0.17 0.75 171 
1562191627.345690869 0.2 1.07 0.17 1.1 303 
1562191627.447183391 0.31 1.1 0.12 1.15 303 
1562191628.223799067 0.34 1.04 0.15 1.1 171 
1562191628.357045554 0.67 0.83 4.29497e+07 1.07 303 
1562191629.130771874 0.7 0.8 4.29497e+07 1.06 163 
1562191629.254657447 0 1.04 4.29497e+07 1.04 303 
1562191630.035815325 4.29497e+07 0.99 4.29497e+07 1.08 171 
1562191630.833859326 4.29497e+07 1.22 4.29497e+07 1.48 171 
1562191631.637440950 4.29497e+07 1.33 4.29497e+07 1.97 171 
1562191632.431578415 4.29497e+07 1.1 4.29497e+07 2.37 171 
1562191632.614470543 4.29497e+07 0.36 4.29497e+07 1.56 303 
1562191633.428250621 4.29497e+07 0.33 4.29497e+07 1.75 171 
1562191633.557635424 4.29497e+07 4.29497e+07 4.29497e+07 1.33 303 
1562191633.648780468 4.29497e+07 4.29497e+07 4.29497e+07 1.3 303 
1562191633.751748552 4.29497e+07 4.29497e+07 4.29497e+07 1.3 303 
1562191633.862821486 4.29497e+07 4.29497e+07 4.29497e+07 1.29 303 
1562191634.729884425 4.29497e+07 4.29497e+07 4.29497e+07 1.31 171 
1562191634.857908183 4.29497e+07 4.29497e+07 4.29497e+07 1.14 303 
1562191635.627403172 4.29497e+07 4.29497e+07 4.29497e+07 1.04 171 
1562191636.427789205 4.29497e+07 4.29497e+07 0.09 0.84 171 
1562191637.227222820 0.18 4.29497e+07 0.28 0.97 171 
1562191637.354439794 0.42 4.29497e+07 0.09 0.63 295 
1562191638.123132397 0.37 4.29497e+07 4.29497e+07 0.5 163 
1562191638.250773832 4.29497e+07 0.43 4.29497e+07 1 311 
1562191638.345839175 4.29497e+07 0.42 4.29497e+07 1 311 
1562191639.129811354 4.29497e+07 0.41 4.29497e+07 1.02 179 
1562191639.931997385 4.29497e+07 0.37 4.29497e+07 1.04 179 
1562191640.111600489 4.29497e+07 4.29497e+07 0.36 0.97 311 
1562191640.984781454 4.29497e+07 4.29497e+07 0.36 1.46 179 
1562191641.155975083 4.29497e+07 4.29497e+07 0.23 1.03 311 
1562191641.249732684 4.29497e+07 4.29497e+07 0.24 0.99 311 
1562191642.033758449 4.29497e+07 4.29497e+07 0.26 0.98 179 
1562191642.841370653 4.29497e+07 4.29497e+07 0.28 0.96 179 
1562191643.640741323 4.29497e+07 4.29497e+07 0.19 0.94 179 
1562191643.810232865 4.29497e+07 4.29497e+07 0.32 0.99 311 
1562191644.737365538 4.29497e+07 0.66 0.29 1.53 179 
1562191644.878001706 4.29497e+07 0.4 0.18 1.03 311 
1562191645.783769957 4.29497e+07 0.66 0.1 1.08 179 
1562191646.638807683 4.29497e+07 0.79 0.07 1.2 179 
1562191646.809444634 4.29497e+07 0.02 0.44 0.98 311 
1562191647.642314305 4.29497e+07 4.29497e+07 0.56 1.08 179 
1562191648.432032566 4.29497e+07 4.29497e+07 0.54 1.04 179 
1562191649.235455805 4.29497e+07 4.29497e+07 0.37 0.92 179 
1562191649.412468068 4.29497e+07 0.86 4.29497e+07 0.98 311 
1562191649.550555112 4.29497e+07 0.87 4.29497e+07 0.97 311 
1562191649.652459689 4.29497e+07 0.84 4.29497e+07 0.97 311 
1562191649.749854190 4.29497e+07 0.79 4.29497e+07 0.97 311 
1562191649.853650814 4.29497e+07 0.73 0.03 0.98 311 
1562191650.628646571 4.29497e+07 0.67 0.1 1 179 
1562191651.480968107 4.29497e+07 0.69 0.14 1.12 179 
1562191652.390650977 4.29497e+07 4.29497e+07 0.47 1.14 179 
1562191653.239687074 4.29497e+07 4.29497e+07 0.82 2.26 227 
1562191653.360281673 4.29497e+07 4.29497e+07 0.6 2.59 295 
1562191654.132429546 4.29497e+07 4.29497e+07 0.59 2.58 163 
1562191654.257088830 4.29497e+07 4.29497e+07 0.55 2.6 303 
1562191655.032872840 4.29497e+07 4.29497e+07 0.53 2.55 171 
1562191655.837665027 4.29497e+07 4.29497e+07 0.53 2.45 171 
